name: vjem312
channels:
  - defaults
  - conda-forge
dependencies:
  - blas=1.0=mkl
  - bzip2=1.0.8=h2466b09_7
  - ca-certificates=2025.2.25=haa95532_0
  - intel-openmp=2025.1.0=h57928b3_980
  - libexpat=2.7.0=he0c23c2_0
  - libffi=3.4.6=h537db12_1
  - libhwloc=2.11.2=default_ha69328c_1001
  - libiconv=1.18=h135ad9c_1
  - liblzma=5.8.1=h2466b09_1
  - liblzma-devel=5.8.1=h2466b09_1
  - libsqlite=3.49.2=h67fdade_0
  - libwinpthread=12.0.0.r4.gg4f2fc60ca=h57928b3_9
  - libxml2=2.13.8=h442d1da_0
  - libzlib=1.3.1=h2466b09_2
  - mkl=2023.2.0=h6a75c08_49573
  - mkl-service=2.4.1=py312h0ad82dd_1
  - mkl_fft=1.3.11=py312h827c3e9_0
  - mkl_random=1.2.8=py312h0158946_0
  - numpy=1.26.4=py312hfd52020_0
  - numpy-base=1.26.4=py312h4dde369_0
  - openssl=3.5.0=ha4e3fda_1
  - pip=25.1.1=pyh8b19718_0
  - python=3.12.10=h3f84c4b_0_cpython
  - python_abi=3.12=7_cp312
  - setuptools=80.1.0=pyhff2d567_0
  - tbb=2021.13.0=h62715c5_1
  - tk=8.6.13=h5226925_1
  - tzdata=2025b=h78e105d_0
  - ucrt=10.0.22621.0=h57928b3_1
  - vc=14.3=h2b53caa_26
  - vc14_runtime=14.42.34438=hfd919c2_26
  - vs2015_runtime=14.42.34438=h7142326_26
  - wheel=0.45.1=pyhd8ed1ab_1
  - xz=5.8.1=h208afaa_1
  - xz-tools=5.8.1=h2466b09_1
  - pip:
    - contourpy==1.3.2
    - cycler==0.12.1
    - fonttools==4.57.0
    - h5py==3.13.0
    - httplib2==0.22.0
    - kiwisolver==1.4.8
    - matplotlib==3.10.1
    - opencv-python==4.8.1.78
    - packaging==25.0
    - pillow==11.2.1
    - pyparsing==3.2.3
    - python-dateutil==2.9.0.post0
    - scipy==1.15.2
    - six==1.17.0
prefix: C:\Users\Public\Documents\JEOL\python\envs\vjem312
